10000
10.15627
10.058746
10.066973
10.0610895
10.025475
10.056304
10.095266
9.9831705
9.964523
9.951052
9.89905
9.937597
9.942289
9.902115
9.96644
9.981009
9.887082
9.866277
9.981452
9.865592
9.987338
10.055761
10.035624
9.864785
9.990893
9.992173
9.990367
10.009893
10.133245
10.224969
10.008627
9.985965
9.848262
9.931816
10.064316
10.1052885
10.062946
9.937764
9.763375
9.62556
9.396124
9.150425
8.832916
8.66896
8.269226
7.5345306
6.6512012
5.9643598
5.499487
4.3719864
3.6531372
3.8377976
4.078435
3.986157
4.1941676
4.804182
5.311012
4.35007
3.517632
3.947623
4.9967504
5.0860047
4.859373
4.00257
5.376553
4.894623
5.2017374
5.740297
5.2543993
4.316132
4.360056
2.3353012
2.8107338
2.9967744
3.4079425
3.886643
5.310767
4.9523587
3.7902594
3.31359
3.3548205
3.4467282
2.8336215
2.489158
2.4923213
2.269548
2.5095704
2.876965
3.6202562
3.9582672
3.9334002
3.923146
3.6840594
3.8379915
3.6306987
3.9438517
4.3696566
4.2598085
4.326931
3.5158057
2.3906808
2.474757
1.8333193
1.9181198
1.9268813
1.8519082
2.3540316
3.1110406
3.620121
3.4709117
4.229
4.0348005
3.8127568
3.9291124
3.5069716
4.8588963
4.671932
5.159865
3.9164786
3.922602
3.6069703
2.9099681
3.8841748
6.2600174
4.459652
2.2171993
3.452945
4.813024
4.0470986
3.786653
2.789106
4.2048383
5.181401
5.037024
4.0744996
3.8263414
3.8032148
5.2570906
4.4304566
4.236269
5.274852
4.6691794
3.746131
4.667573
5.027494
5.588383
5.135518
4.09638
4.702081
5.929497
6.2123504
6.481015
6.1368713
4.938877
4.209322
5.0294094
5.610353
7.1774793
6.475447
5.0795646
4.846295
4.6752815
4.8713036
5.5296197
6.553646
5.8800707
4.8483486
3.9471955
4.7392716
4.197501
3.7938108
4.8272533
4.549606
3.8605206
3.7055342
5.402426
6.343089
4.994012
4.988513
5.044693
4.861273
4.6667795
4.61966
4.6810045
5.076346
4.803953
4.182466
4.186438
3.8652718
4.156331
4.4422283
5.305727
6.2751904
6.8843074
5.7478004
4.8744926
4.2079215
4.569077
5.536753
6.9430714
7.063821
6.7527857
5.750021
5.0865297
4.5804305
5.5044365
6.3084774
6.7281075
6.139101
5.9743056
4.218875
3.5660925
3.7899048
5.229138
5.3137894
5.2830877
5.1847944
4.6689234
4.8587093
4.113348
3.9637043
3.9791172
3.8334575
3.8905158
3.9103909
3.285546
3.6163561
3.3133826
3.449752
3.8929124
3.9466698
4.1066923
4.2305593
4.059365
3.959381
3.8488207
4.16422
4.3960423
4.8646812
5.3964715
4.1125174
3.7498226
4.0264473
3.858852
4.0145893
3.901263
3.338783
2.704428
2.876546
4.172501
3.5726533
3.3029578
3.6034303
3.699706
3.7176304
3.4972122
3.7754922
3.1393213
3.5840082
3.8265393
3.3426476
2.994603
3.4739757
3.2353752
3.6700602
3.2081997
4.086339
4.2757316
4.159709
4.216626
3.4224212
3.195418
3.1265516
3.1277666
3.6313329
3.8304179
3.9905248
3.814344
3.7579749
3.420998
4.329623
4.4432907
3.7924972
3.6936514
3.6156285
3.7853673
3.0035613
3.1723008
3.7548501
4.16586
4.7168994
4.8943043
4.1434855
4.4486704
5.1710334
4.7414985
4.008145
4.129528
4.487653
3.4464734
3.315528
3.2392232
2.5083866
2.8272245
3.3726146
2.8918161
2.4338043
2.7878416
4.377175
4.456266
3.6240256
3.417477
3.3572464
3.7709084
3.5425718
3.5068815
3.287238
3.2702274
3.0342815
3.0856771
3.465648
3.520257
3.1624784
3.2500784
3.6721678
3.886692
3.7683349
2.8434668
3.3882837
3.6161547
3.0165188
3.0514905
3.454298
2.9259832
2.748959
3.0291765
2.848782
2.8693151
2.8174784
2.775981
2.8599975
2.9436967
3.1351042
3.2372139
3.5305245
3.4821773
3.4639611
3.6689963
3.835949
3.8446846
3.7642617
3.1537855
3.028936
3.3493648
3.6190753
2.973792
2.901808
1.8953632
1.6551425
1.7119076
2.4746192
2.883633
2.413194
2.4291492
2.3794074
2.7249513
2.3870633
1.5176306
1.4230394
1.4123381
1.3988434
1.3825085
1.3244207
1.4136693
1.4281511
1.3461514
1.5512315
1.4302008
1.3518232
1.4291431
1.3630817
1.3476212
1.3766998
1.4287044
1.4215878
1.4343758
1.3913637
1.4031283
1.3691534
1.4140056
1.3078977
1.3783195
1.3346709
1.8049067
1.9705118
1.8899463
2.305343
1.4611989
1.374786
1.3922606
1.4797868
1.5801783
1.5480021
1.5393393
1.6183348
1.7715511
2.5214856
5.321858
6.3869495
6.298887
6.4850535
5.6703043
3.588225
3.325932
2.9946036
1.9924829
1.4343106
1.4439397
1.3238378
1.262841
1.3208203
1.4544355
1.6059042
2.6791115
2.4487045
2.4705715
2.8132195
3.5913277
3.382288
3.4900632
3.6345751
3.5167227
3.0274558
2.580328
3.5741334
3.8812056
4.0168457
4.032108
4.917835
4.7042637
4.5193696
4.4413624
4.3153887
4.036556
4.898307
4.735873
4.8579073
4.7570105
3.5809197
3.9784713
3.4575572
3.8480043
3.804064
4.183626
3.8133392
5.0240216
4.833998
4.8136253
5.0713525
5.278878
5.4199696
5.198103
5.1017084
5.2614956
4.967446
4.4300156
3.1479957
3.548097
3.1578245
2.9826145
3.1078672
2.9884944
2.9673119
3.1773908
3.1548052
3.1033645
3.21565
3.1111326
3.1073165
3.1447158
3.0088692
3.223215
3.0472307
3.037461
3.2529352
3.3945608
3.3809276
3.461651
3.72179
3.6168737
3.2071078
3.5959258
3.24107
3.3201182
3.2868526
3.249197
3.1599016
3.3638234
3.3565412
3.3805776
2.6434684
3.4186857
5.052958
4.5062656
4.442651
5.0124526
4.9496274
4.961813
4.6478806
5.0521955
3.1594687
3.9476917
2.2631724
2.2672281
1.8861016
0.4230118
0.39331022
0.52888834
0.51753145
0.56747967
0.5551888
0.5408411
0.47594008
0.45330235
0.43241382
0.45829397
0.7916577
0.4471666
0.4360962
0.4751027
0.413579
0.42332467
0.44331354
0.54957485
0.511426
0.52986884
0.49839106
0.48215893
0.5035691
0.50146943
0.5227131
0.49034676
0.75108284
2.148736
2.7870293
2.804452
2.8365643
2.8353128
2.7784617
2.8970573
2.893068
2.7273345
2.8620589
2.8204854
2.8007662
2.7606783
2.6326396
2.3767664
2.1245363
2.3054419
2.4990604
2.4885767
2.519526
2.5157778
2.5974014
2.6754136
2.4715552
2.669547
2.9274123
2.7874603
2.2277753
2.118112
2.5234342
2.6061177
2.4417033
2.3446965
2.245761
2.2236547
2.2499466
2.1720984
3.8233159
4.1862373
4.056898
3.263823
2.9922528
2.8589458
1.9975764
2.572375
2.3967667
2.2726045
2.7493575
2.6449878
2.8894744
2.55838
2.6852715
2.6873763
2.7014062
3.3982081
3.6845932
3.3180082
3.2187452
3.5282323
3.8872786
4.1421804
4.1820903
4.1004167
4.0561924
4.1547565
3.8342319
3.8675208
3.8720293
3.9677148
3.884408
3.8443518
3.8423634
3.760415
3.8157017
3.7608058
3.7327044
3.765623
3.8401365
3.9054966
3.7483337
3.6543336
3.7744157
3.8260763
3.7903051
3.93314
3.8237534
3.7801735
3.549024
3.6723301
3.5030966
3.5411336
3.6626878
3.568338
3.447992
3.6359048
3.6710038
3.6402905
3.5631092
3.7658567
3.54293
3.7716556
3.6109333
3.7055278
3.781547
3.6054018
3.6631892
3.6542969
3.7176158
3.8276424
3.6055784
3.7032998
3.6390269
3.6045964
3.7565074
3.6461754
3.6151643
3.7124732
3.734628
3.6081328
3.7279532
3.5945601
3.6196923
3.5695996
3.519631
3.6679819
3.5652485
3.5257194
3.4372537
3.4692163
3.63133
3.6363082
3.5987613
3.426179
3.556983
3.5920482
3.5790327
3.5435169
3.4818742
3.4968085
3.5570133
4.194002
3.901041
4.406289
4.5622005
4.485786
4.0971036
3.8331618
3.6735044
3.6783717
3.2611184
3.2224178
2.5280118
2.66429
3.002656
2.7296424
3.0709102
3.3910363
3.356284
3.158703
3.663127
3.1448278
2.8921149
2.7631936
2.9747195
2.7421627
3.3077633
3.4117308
3.6906762
3.842154
3.8032076
3.8908992
3.4245825
3.3844523
3.2056599
4.2294436
3.7372854
3.2259722
3.630003
3.81917
3.8711863
3.8051848
3.796649
4.083551
3.5588338
3.4179764
3.775949
3.9804497
3.4779842
3.3813179
2.950381
3.5836544
3.0105278
3.9171312
2.9337773
3.2742784
3.4989045
3.5415828
2.7505007
3.2964468
4.7877645
4.734945
4.7335777
4.4793277
4.240812
3.4194813
3.6078122
2.9611971
3.5604112
3.0501099
3.1035705
2.7722275
2.6427002
2.2679949
2.128897
2.2843332
2.9289918
3.2379172
3.703647
3.433914
3.0934808
2.7322311
3.216157
3.4775658
3.7670474
3.5017664
3.5271964
3.6383438
3.8873873
4.099427
3.2599473
3.2342257
3.293574
3.878224
4.7496223
4.497964
4.4011016
5.0199223
5.550455
6.16351
6.2282186
6.0797205
4.6516566
3.1798506
2.285873
2.585888
2.0900595
2.499205
2.362816
2.7725477
3.8341327
3.840118
3.6337771
3.6838944
3.7737482
3.644815
3.8234892
3.7057514
3.6770258
3.9717736
3.766243
3.634847
3.87904
3.7900035
3.5288157
3.6747015
3.6395469
3.743142
3.9399848
4.161955
4.057657
4.212179
4.1939287
4.190584
4.2054586
4.250636
4.1215873
4.1474504
4.0934796
3.905148
4.0293436
3.9924836
4.031947
4.1153417
4.1832433
4.2364335
4.189384
4.2195377
4.155933
3.959761
4.153813
4.424218
4.179435
4.1072426
4.2026277
4.227651
4.2576566
4.235649
4.051675
4.175786
4.497874
4.394082
4.6141777
4.6012225
4.629384
4.5487146
4.319927
4.4457927
4.2731137
4.4208574
4.2854586
4.380969
4.136866
4.232187
4.2940917
4.390447
4.3541055
4.3912067
4.5348167
4.4609203
4.5130787
4.3826256
4.270287
3.8654814
3.8333972
3.8630881
4.0717187
3.894547
3.5961313
3.4361212
3.2498271
3.4398315
3.04113
3.1691074
3.2946968
3.5556688
4.232941
4.1686
3.2841098
3.115272
3.8800719
4.925199
4.063177
2.8803394
2.8172915
2.7123969
2.734506
3.050795
2.8693173
3.2040393
3.2591596
3.2799027
3.6399722
3.4967978
3.4920557
3.2168596
3.1857698
3.2382827
3.3995965
3.3736675
3.2912493
2.975682
3.2771227
3.3201563
3.06869
3.265013
3.1179364
3.243648
2.8555253
3.0815408
2.7904816
3.137585
3.0058084
2.8154955
3.1319818
2.703241
2.9565384
2.78162
2.670798
2.5873046
2.6274703
2.6890483
2.7362096
2.515345
2.6573055
2.6119502
2.4118392
2.5173454
2.4315908
2.4620345
2.7237103
2.679949
2.699131
2.8773515
2.6804166
2.7247343
2.6157026
2.597785
2.7708826
2.7754002
2.7346127
2.9704185
2.8201513
2.5499032
2.5306902
2.4654496
2.2213883
2.4045572
2.4002142
2.340146
2.3059828
2.4200778
2.1957862
2.3952274
2.2807395
2.3086953
2.421938
2.36748
2.2609348
2.3302546
2.373558
2.3310921
2.4201827
2.436574
2.540789
2.4484017
2.7361479
2.6775715
2.669367
2.5697508
2.4829273
2.3745298
2.5606368
2.551661
2.3789346
2.3631883
2.3224492
2.4287157
2.3344495
2.5390754
2.5035408
2.5307903
2.470353
2.3820217
2.5168726
2.2556667
2.3485634
2.5909133
2.5796552
2.6469636
2.745472
2.6714268
2.6615689
2.6252108
2.8605235
3.083603
2.9050648
2.8961086
2.6460621
2.5934088
2.602821
2.9255345
2.8992083
2.9628966
3.042147
2.9840648
3.1178825
3.060563
3.077789
3.1005194
3.1000698
3.0995793
3.1121783
2.9406288
2.8181973
3.0559216
3.0123239
2.7207422
3.039627
2.9056249
3.057406
2.9522834
2.8363457
2.7976322
3.0901244
2.7527194
2.8610618
2.8268876
2.8705244
2.8109577
2.8027625
2.7426345
2.8259099
2.746054
2.80316
3.0922596
3.2770245
3.1838446
3.0902107
3.1988668
3.1762557
3.0419984
2.962161
2.9086785
2.9060647
3.0749605
3.0052981
3.2542477
3.003349
3.5027218
3.2289348
3.4764106
3.5535274
3.3950286
3.465146
3.3251545
3.19572
3.079424
3.347866
3.173725
3.134916
3.4128392
3.2662807
3.443328
3.464377
3.4288335
3.5148509
3.4982626
3.4751167
3.5362098
3.501917
3.4912856
3.483899
3.2951927
3.4396088
3.444014
3.37801
3.4341435
3.531205
3.4688811
3.4323947
3.4851203
3.3815262
3.3711379
3.2753713
3.3684218
3.2797334
3.3503702
3.3691354
3.4012785
3.3376305
3.3586702
3.1707807
3.4855719
3.2704988
3.4950907
3.349031
3.525868
3.5173993
3.3918247
3.4894652
3.3794918
3.3617861
3.4417403
3.3152177
3.3477097
3.5300913
3.498939
3.370445
3.386898
3.4691498
3.490898
3.4461358
3.5825186
3.5130956
3.5915744
3.620484
3.5860832
3.580267
3.523714
3.4739287
3.3390055
3.5207856
3.4460046
3.4798164
3.3801048
3.272483
3.261086
3.52048
3.3609815
3.4327118
3.3856025
3.3596706
3.3211718
3.2936056
3.3352835
3.3716547
3.3308184
3.3548536
3.3517423
3.2290964
3.3139513
3.1887743
3.4268503
3.3128996
3.03217
3.433418
3.3006058
3.2929354
3.1508782
3.4682686
3.5285406
3.4270797
3.2507634
3.526466
3.6693804
3.4741216
3.391825
3.421613
3.3222103
3.4786067
3.3600101
3.4876504
3.1300285
3.382413
3.2977638
3.2530296
3.3113427
3.331858
3.5794525
3.5725677
3.5674686
3.4950728
3.1963072
3.5787296
3.2210326
3.0131776
2.6634068
3.2164083
2.8102787
3.0469272
3.3670633
3.1112206
3.10963
2.9215586
3.6086152
4.117977
3.9208746
3.2491548
2.9399927
3.2644463
3.9538028
3.862646
3.883686
2.7151394
3.9324856
4.052422
4.122717
3.943682
3.9923115
4.116159
4.2745314
3.9297938
4.001258
3.8029923
3.6978917
3.5172927
3.4931972
3.6630852
3.634559
3.6392634
4.526435
5.6319423
5.705664
5.269172
4.1798525
4.5745583
5.315056
6.038742
5.5685167
4.0057063
2.6300976
3.0216382
3.3740265
3.1563349
3.1670647
3.4979258
3.2681057
3.1554484
2.7225113
2.9208772
2.004014
2.0092688
2.0286329
2.185872
2.4238591
1.9294264
1.398624
1.0404676
1.1213176
1.1570345
1.02574
1.1030297
0.9337924
1.0180106
0.9398856
0.9309629
1.0144577
1.0513005
1.4476094
2.719321
4.3045135
5.7669296
6.0132627
5.824277
5.392083
4.694798
4.4129395
5.0717793
5.134246
4.7709804
4.8782706
4.5171127
4.6232677
4.748058
4.376276
4.3058777
4.532068
4.771907
4.525636
4.3205476
3.6965048
3.650703
3.9735332
4.6028028
5.590173
3.6563628
4.353908
4.785207
3.9724674
3.7504628
4.489483
4.4742203
4.2457194
4.1119504
3.979717
3.6651518
3.5873945
3.8022807
3.8782554
3.687685
3.9127424
3.8313825
3.9466603
3.6888912
4.0097733
3.7973888
3.4747837
3.0714846
3.651489
4.7721105
4.7595305
4.6282573
4.031626
3.7527924
3.9076319
3.6384356
5.056287
4.961583
5.069146
5.39316
4.262264
3.533576
3.7892272
4.5697412
4.758219
5.378669
5.640167
5.3565044
5.5288343
4.891341
4.50694
4.919408
4.896609
3.7488077
3.5305219
4.291486
4.0202646
3.8335836
3.269059
2.5391774
2.801207
3.2836857
3.8811653
3.8856332
3.2146025
3.1490867
3.3672698
2.3786895
3.2295883
4.4191785
4.8777914
5.3586555
3.7039027
4.598398
3.9729095
3.165634
3.8282561
4.495406
4.3316154
3.575489
4.060856
3.8382502
3.7418547
4.4379425
4.126442
3.9235237
3.6541815
4.3554387
4.8218613
3.9953573
4.909967
4.181065
3.6517313
3.4268143
4.9806447
5.0217323
3.5930939
3.3402605
3.1737945
3.0735688
3.2269707
3.3028362
3.4407659
3.3749516
3.426306
3.358752
3.5253472
3.4107342
3.743722
3.6152635
3.7063766
3.7848995
3.602046
3.5091057
3.4086032
3.386898
3.4702563
3.2851436
3.4649136
3.3522928
3.1865232
3.5966697
3.8212564
3.468666
3.6891956
3.2920976
3.0111868
3.3183947
3.6245224
3.3734024
3.3926766
3.3410397
3.7009165
4.245992
3.892744
1.1205173
1.1239222
1.1475748
1.1411312
1.2066283
1.2289143
1.2384965
1.3310964
1.3813112
1.3916324
1.438165
1.5095835
1.4553436
1.3451395
1.1837448
1.1656022
1.2085383
1.2360681
1.2078565
1.2387552
1.2107861
1.2338436
2.5995944
3.099401
2.9030921
3.2830362
3.4835372
3.6258192
3.8457701
2.4322124
2.4864416
2.6706572
2.4312382
2.0486264
2.2722845
2.3835819
2.1630218
1.5310137
1.2269344
1.1366166
1.1467421
1.2204295
1.1132842
1.1970078
1.1920935
1.3678613
1.3022114
1.5074804
1.5171882
1.6321107
1.6292169
1.5146639
1.4377855
1.491416
1.43958
1.5004362
1.343454
1.2564234
1.2842476
1.3060019
1.2530223
1.2183615
1.0748117
1.1184608
1.015274
1.2306644
1.1964169
1.1171886
1.1360362
1.1760862
1.1844171
1.0243132
1.4630709
2.008614
2.290917
2.2371721
1.8210523
1.5439221
1.8145489
1.1846709
1.1742322
1.8853359
1.9303422
2.4407182
2.4933567
3.1482887
2.153634
2.6295273
2.4550657
2.3341954
2.73973
1.0733203
1.1185132
1.1740568
0.9926366
1.057293
1.0462188
1.0581528
1.0838022
1.0732734
1.0773082
1.0457003
1.0481231
1.1100745
1.1444519
1.1723629
1.183244
1.0761058
1.0838712
1.0635339
1.1006736
1.0839161
1.0781425
1.0972418
1.0695837
1.0280522
0.992038
0.97188985
1.0008441
1.0383013
1.0406758
1.031699
1.8044908
2.0971792
2.1052833
2.1402602
2.1735291
2.1301253
2.2279544
2.2199185
2.2110178
1.5547897
1.4203099
1.686091
3.06081
2.5541282
3.3275702
3.8104954
3.6517613
3.615689
3.4119272
3.343371
3.7172246
3.7747903
4.6711693
4.4890127
4.6127834
5.063437
4.2894497
3.193831
2.8602774
3.2315907
3.5193071
3.5182002
3.5475347
3.5362368
3.2998202
3.3312497
2.60018
2.5275424
1.8431984
2.2294364
3.7132292
3.7819543
3.7873092
4.046339
3.9891481
3.872777
4.217007
4.824781
3.450155
5.351816
5.0001297
5.2124834
3.9680707
3.2684438
3.2964323
3.6542609
3.2196043
3.658191
3.6098092
3.6061115
3.6524959
4.06319
3.909077
4.228324
4.245436
4.438911
4.693657
4.5403543
5.097761
3.6069534
3.2575002
3.4713743
3.2508543
3.5121112
3.363568
3.1813347
3.8046398
3.0124354
3.7403383
4.3528852
4.8942704
5.0382566
5.0800242
5.01423
4.310838
2.9606752
2.000295
2.3740168
3.8768687
4.223254
4.2896256
4.2992544
4.4875393
4.6562743
4.19646
4.161077
3.9015524
3.595311
2.4473455
2.851358
2.6765506
2.5686502
2.8386009
2.4158695
2.6451464
2.633184
3.0224926
3.3594863
3.361835
3.640064
4.6168895
3.8726294
3.3134441
3.2624981
3.4161277
2.622983
2.4357493
2.7050316
2.8892627
3.0759795
2.8159308
3.077762
2.8885357
2.878191
2.1615279
2.365034
2.7300522
2.7539048
3.3845422
3.5745704
3.6888921
3.1744838
2.8645627
3.0470772
2.7517233
2.8645473
1.1467133
4.620674
6.497052
6.59698
6.642552
6.7140355
6.7753277
5.187474
3.0704036
1.626274
1.822363
2.9270127
2.5588794
3.138413
3.5669882
3.1755817
3.4421937
2.5645957
3.2015276
3.463848
3.130074
3.1698852
3.2326167
3.229072
3.2043142
3.1510487
3.1535108
3.430226
3.2987778
3.487031
3.7267997
3.6807218
3.9156108
4.2142234
3.673852
3.4913635
3.4851003
3.2143002
2.9102159
2.3073983
2.3647203
2.2940247
1.8607701
1.9749986
1.3923813
1.287282
1.3275143
1.2210091
1.1388127
1.3043698
1.3661287
1.2056515
1.244115
1.1713859
1.0842669
1.2226061
1.4442152
2.8176832
3.1071138
2.7215052
2.9422135
2.6147294
2.732471
2.8500915
3.3185759
3.31254
3.1188893
2.9439988
2.7324557
2.748309
2.466738
2.4075665
2.2444472
2.6065843
2.6776521
2.6082664
3.2727845
2.4979787
2.7641246
2.3704727
2.3621848
2.4992647
2.4998775
2.5043573
2.3888302
2.4966505
2.634152
2.6278043
2.6521826
3.9255042
3.4446578
2.5164914
2.3744423
2.033275
1.9190325
2.6562755
2.589515
2.7027943
2.8564625
2.6389837
3.5770423
3.4313898
3.5981054
3.6781585
3.988861
3.9663801
3.5671775
3.5649621
3.9684682
3.649277
3.6774306
3.412783
2.723675
2.3914297
2.3681753
2.3454413
2.330808
2.1254508
2.2500062
2.2778513
2.5110416
2.223788
2.2756226
2.0637205
1.8757902
2.0791755
2.1775112
2.0074844
1.9908755
2.004181
2.0257328
2.202391
2.33246
2.548377
2.9961998
2.9235022
3.2857747
3.2596512
3.5608222
3.5763884
3.6659012
3.9250607
3.890401
3.7914917
3.9409866
3.6028886
3.8294654
3.9350185
3.795907
3.9215677
3.7799273
3.9612064
3.9111428
3.879284
3.9490905
3.9910538
3.794455
3.75253
3.6597285
3.7595394
3.5825267
3.6398706
