10000
8.14053
8.10894
8.080451
8.0410185
8.0385895
8.017848
8.259634
8.223279
8.107402
8.125724
8.039445
7.9071145
7.6199584
7.6138353
7.6880894
7.67677
7.701494
7.721344
7.7710896
7.666503
7.5606465
7.4820375
7.648436
7.5684814
7.5729327
7.5242343
7.419972
7.495432
7.4821053
7.315895
7.2649174
7.47495
7.63865
7.790873
8.01655
7.958929
7.958692
7.93078
7.9839773
8.022497
8.01904
8.032003
8.215638
8.190544
8.130577
7.894676
7.7404246
7.594957
7.3851695
7.39758
7.4188
7.478556
7.4697585
7.6285467
7.636998
7.4807634
7.4836936
7.3878403
7.47188
7.32374
7.4012594
7.4226956
7.3228264
7.299556
7.4313927
7.2895617
7.184594
7.3969884
7.53638
7.7417254
7.840172
7.807622
7.7060757
7.7652297
7.850706
7.8295145
7.8698525
7.8132067
7.864645
7.76902
7.6884995
7.679151
7.5539775
7.379466
7.3248086
7.3547497
7.459163
7.411338
7.4859147
7.354827
7.4402385
7.3426943
7.4226065
7.2865276
7.4801097
7.6404986
7.505054
7.393944
7.405245
7.3100457
7.1969132
7.1839614
7.3112082
7.582992
7.548414
7.7866883
7.828593
7.8168845
7.809392
7.8229237
7.816223
7.8711
7.9254284
7.861655
7.7793217
7.753267
7.7405014
7.700757
7.615608
7.4145164
7.5462704
7.611392
7.7503576
7.750872
7.9966965
7.8715143
8.0305395
7.8996687
7.8945475
7.7976274
7.743225
7.7543354
7.730416
7.5116315
7.4074173
7.16208
7.1148963
7.187862
7.413215
7.6690226
7.824465
7.966283
7.8875933
7.7894125
7.846163
7.9918337
7.8977017
7.77483
7.9236026
7.904881
7.70367
7.728292
7.6546845
7.60124
7.397885
7.394131
7.488058
7.63656
7.5890684
7.654494
7.7626743
7.793647
7.808665
7.811421
7.7351804
7.6766133
7.817385
7.8271008
7.8097987
7.7036395
7.708928
7.456398
7.2692475
7.3330894
7.594193
7.623922
7.8168397
7.9005914
7.871472
7.836936
7.778747
7.7608595
7.822422
7.739678
7.830115
7.864625
7.7528267
7.6842012
7.6247945
7.46808
7.424748
7.5495796
7.620399
7.7697706
7.7927947
7.8459244
7.8298626
7.833436
7.891735
7.7869368
7.844671
7.7170677
7.8763633
7.856418
7.8025436
7.59025
7.411288
7.22475
7.135006
7.363387
7.559159
7.6935306
7.8397155
7.854776
7.8402014
7.9037557
7.9420447
7.8984456
7.8355565
7.899454
7.874254
7.8007636
7.6992903
7.570414
7.4613433
7.3631067
7.359358
7.490928
7.516035
7.5896187
7.7090125
7.664173
7.7918262
7.78677
7.755578
7.7667847
7.8023653
7.730208
7.754911
7.781246
7.572349
7.569374
7.538488
7.274749
7.149838
7.342523
7.6448574
7.8552275
7.9676847
7.8672123
7.7218037
7.687294
7.687784
7.714781
7.658778
7.76493
7.868035
7.9559636
7.8337507
7.816791
7.697021
7.7105985
7.422372
7.5257654
7.553517
7.651672
7.542716
7.6626453
7.499651
7.4820337
7.563959
7.448716
7.6071396
7.446893
7.5774274
7.3295393
7.3926716
7.406727
7.329227
7.166482
7.131225
7.2601833
7.601547
7.6853437
7.6726303
7.6844425
7.516553
7.473588
7.480947
7.5663567
7.634638
7.766278
8.004204
7.830556
7.832149
7.703976
7.563816
7.4713182
7.3560424
7.4096103
7.478149
7.5035486
7.503585
7.5197334
7.47733
7.4216766
7.7036786
7.506384
7.654279
7.716437
7.544916
7.6301622
7.4636354
7.4551115
7.308603
7.203218
7.1587048
7.3789883
7.6244054
7.5809736
7.7035804
7.7034636
7.5533
7.5380106
7.5974436
7.6308546
7.8347383
7.702093
7.9742966
7.7703047
7.6936755
7.3945675
7.405157
7.3345094
7.4451656
7.5162168
7.6072245
7.560388
7.6085167
7.6086526
7.7275543
7.7237387
7.489939
7.6910076
7.5755453
7.554984
7.499059
7.2919426
7.2267632
7.2559385
7.128606
6.9381022
7.074386
7.3744874
7.555839
7.6001663
7.5593843
7.484635
7.4996986
7.4505167
7.477192
7.5224752
7.672902
7.5890145
7.7133865
7.660286
7.7137465
7.5795283
7.4198585
7.2012143
7.2843127
7.3211927
7.362213
7.3369575
7.184667
7.321605
7.3923297
7.528761
7.3592534
7.3777733
7.218096
7.423318
7.5477066
7.388748
7.326182
7.2102423
7.208356
7.171551
7.1805487
7.5083237
7.508705
7.607212
7.651062
7.5365534
7.4762406
7.4000463
7.475173
7.52316
7.558902
7.5216975
7.6537766
7.5239315
7.526554
7.2950497
7.194226
6.885173
6.959318
7.110469
7.190665
7.1603117
6.9242325
6.9912314
7.1554766
7.3779984
7.469906
7.3988676
7.438316
7.2062807
7.2776766
7.183779
7.2481694
7.0596995
7.19211
7.0966024
7.0655165
7.0480967
7.24078
7.289436
7.392095
7.3482466
7.370727
7.2710085
7.3264236
7.3171945
7.3524313
7.410861
7.4378576
7.551288
7.518161
7.531295
7.45121
7.280247
7.182518
7.3213186
7.4109836
7.517242
7.313001
7.281959
7.3465295
7.594881
7.6971755
7.621913
7.616179
7.629439
7.687449
7.555278
7.472037
7.44713
7.432151
7.436184
7.3484273
7.3513937
7.5527005
7.6648855
7.721718
7.720676
7.731313
7.678895
7.685735
7.6518993
7.775681
7.7247114
7.8607764
7.7892714
7.732973
7.660939
7.592131
7.458455
7.2321353
7.207603
7.2010665
7.317918
7.412985
7.208422
7.43832
7.1703815
7.418745
7.3120947
7.5278015
7.430639
7.515089
7.4876595
7.5980787
7.535941
7.480568
7.3235626
7.4417543
7.3987947
7.467262
7.7388334
8.057309
8.0707655
8.076664
8.103812
8.191262
8.153293
8.200887
8.321785
8.279314
8.147524
8.2358675
8.12071
8.029413
7.816247
7.686632
7.6937103
7.626387
7.920624
7.907601
7.8713894
7.8871145
7.833116
7.869617
7.979337
7.9958067
8.012254
8.084839
7.9544597
7.931164
7.9155846
7.843693
7.7693467
7.6021004
7.5962796
7.7775345
7.846772
7.9220724
7.99314
7.9901667
7.980706
7.9662137
7.936782
7.9759717
7.939584
7.9157515
7.8796654
7.8154483
7.8074207
7.847277
7.7981753
7.7878513
7.7702703
7.610855
7.642198
7.7350626
7.7794237
7.764718
7.7482305
7.636363
7.754743
7.7825975
7.778234
7.7300835
7.770128
7.5766478
7.6393385
7.603538
7.687514
7.7330832
7.7680593
7.8816776
7.927361
8.018892
8.007071
7.9680843
8.070433
8.033085
8.006286
7.927372
7.8506255
7.831645
7.769436
7.744741
7.747877
7.8306575
7.7766805
7.7597914
7.7384424
7.652543
7.598614
7.761977
7.7432637
7.747906
7.6211777
7.5543723
7.5659237
7.7435045
7.7260537
7.762312
7.726199
7.7232275
7.6424747
7.621355
7.6652813
7.755841
7.7888875
7.917358
7.9378986
7.9702563
7.9148974
7.992426
8.002679
7.8194523
7.8488913
7.7287655
7.641327
7.571948
7.647772
7.5496655
7.5022745
7.595453
7.5779266
7.5472026
7.6096325
7.578661
7.5549345
7.6583004
7.7092557
7.6413126
7.6999645
7.5288324
7.527005
7.5460525
7.7164917
7.7445707
7.7245564
7.8048787
7.647656
7.688465
7.7514577
7.838219
7.8816376
7.8450203
7.887817
7.8439054
7.7661343
7.7668905
7.669649
7.579449
7.730648
7.6341605
7.568959
7.599814
7.482405
7.4703727
7.380323
7.420185
7.551691
7.515146
7.5759845
7.6234922
7.51424
7.636101
7.737173
7.7746644
7.5746255
7.3492465
7.320446
7.4199615
7.474236
7.5073133
7.5434
7.5366273
7.4819427
7.3082967
7.361071
7.4978027
7.59836
7.6824183
7.740855
7.611383
7.5302634
7.663815
7.654995
7.4166417
7.397162
7.2239814
7.249046
7.182726
7.1384807
7.196177
7.225736
7.262048
7.251226
7.2207775
7.266565
7.3590665
7.550815
7.461226
7.642164
7.6488967
7.7834725
7.560198
7.2884917
7.386794
7.548819
7.4467406
7.540454
7.7076635
7.668152
7.683652
7.4860945
7.333743
7.5149784
7.6012297
7.6447387
7.7590084
7.6236053
7.4692035
7.215084
7.2514086
7.2410994
7.150385
7.2185707
7.220283
7.2705617
7.220251
7.2086825
7.299727
7.3089676
7.381484
7.2045865
7.0977535
6.98174
7.2182746
7.3278728
7.433752
7.496334
7.5518646
7.4122524
7.509147
7.4636893
7.6674232
7.609294
7.5170875
7.58414
7.576375
7.6075354
7.5862904
7.3131695
7.2421284
7.3580317
7.386278
7.2647476
7.1775312
7.107049
7.0068507
7.0920634
7.059344
6.871673
6.8205314
6.8108773
6.86526
6.9435115
6.798858
6.7841806
6.8486032
6.8121114
6.8142567
6.7558737
6.956352
7.027404
7.035829
7.1136627
7.398884
7.534311
7.2898984
7.38775
7.578871
7.512461
7.500489
7.42671
7.480101
7.3694735
7.3986845
7.2823
7.215631
7.0219245
7.0240283
6.9630013
6.811887
6.702593
6.5156665
6.5037856
6.64372
6.724766
6.451227
6.628499
6.426715
6.346771
6.3949456
6.465953
6.4633427
6.5386558
6.5742173
6.8266296
6.818553
6.835249
7.036208
7.164621
7.0316734
7.106529
7.1842046
7.257625
6.9541183
7.246287
7.295992
7.1984406
7.1002083
7.2715497
7.278178
7.3460693
7.082141
6.897303
6.724362
6.7006426
6.6739807
6.625481
6.4768314
6.374564
6.048456
6.5067735
6.3840375
6.3912497
6.389149
6.267981
6.28608
6.4273133
6.4588456
6.7435412
6.486021
6.676086
6.7034993
6.624307
6.6030893
6.581072
6.526498
6.64797
6.688263
6.815518
6.574362
6.720972
6.9357266
6.968461
7.011247
7.083015
7.0340176
7.0935736
7.0635214
6.8337407
6.7785454
6.843658
6.675086
6.897556
6.792215
6.7145877
6.575962
6.4868307
6.7557564
6.619804
6.541395
6.420122
6.6024303
6.4883833
6.660576
6.6063404
6.7813697
6.8925834
6.8281946
6.6332626
6.51721
6.606422
6.854418
6.819941
7.117237
7.177003
7.2293606
7.0770874
7.0573344
7.2670407
7.2480226
7.231336
7.2492485
7.2047195
7.1987185
7.20966
6.882028
7.0344667
6.981746
6.9740686
7.0225296
6.999409
6.969339
6.903413
6.869802
6.8714275
6.7991924
6.789331
6.714875
6.718602
6.809091
6.8826175
6.938713
6.9601426
6.932252
6.921395
6.824493
6.879104
6.7958026
7.1096663
7.2298594
7.4107738
7.423031
7.2367973
6.931325
6.700765
6.8080664
6.6366835
6.5843387
6.798652
6.939954
7.0589614
7.040535
7.0766764
6.80989
6.888022
6.758019
6.621568
6.584293
6.6053934
6.6187444
6.665277
6.463601
6.447503
6.343531
6.3487496
6.2920523
6.463581
6.642389
6.643795
6.748329
6.600899
6.5235243
6.4661026
6.6262455
6.45745
6.5307703
6.6551824
6.814649
6.7802334
6.5647764
6.5615153
6.665104
6.5704165
6.544594
6.463892
6.3549476
6.434206
6.3910666
6.511421
6.445204
6.3715324
6.2743917
6.070482
5.9035816
5.9828424
6.109135
6.2739196
6.179402
6.032699
5.92543
5.95453
5.948048
5.9818325
5.923385
5.881241
5.8581963
5.806129
5.908687
5.7187023
5.8385487
5.871805
5.942315
6.0425076
5.934258
6.0745006
6.0043144
5.9423513
5.9860682
6.0368648
6.178093
6.1587834
6.215623
6.2781396
6.295259
6.3175015
6.3074965
6.3757195
6.337128
6.3326573
6.2386994
6.2777553
6.3945436
6.3598557
6.378845
6.489921
6.3232946
6.403347
6.5159802
6.4208426
6.415722
6.3437667
6.33338
6.4727592
6.3392944
6.5735974
6.440666
6.573581
6.5858617
6.568039
6.504063
6.5739813
6.312246
6.249867
6.1548495
6.172459
6.204993
6.1335235
6.2860885
6.072797
6.201595
6.090968
6.271634
6.2899837
6.4293523
6.4574604
6.540324
6.4871674
6.5745163
6.528326
6.561855
6.5578246
6.437068
6.2038846
6.349362
6.2965307
6.4678907
6.213704
6.267498
6.226302
6.1819673
6.1469517
6.273484
6.209229
6.173627
6.0680275
6.1024723
6.063643
6.052508
5.8418446
5.7956
5.8140926
5.7500954
6.008346
6.058867
6.142052
6.2415414
6.2609634
6.2423553
6.203855
6.3294873
6.2787786
6.4488273
6.345626
6.4169793
6.406435
6.3252172
6.4773436
6.1798773
6.2141247
6.1693363
6.083321
6.0357776
6.016796
6.1649885
5.992348
6.0573153
5.9231157
5.893333
5.900604
5.8660955
5.8769927
5.687428
5.640734
5.4817586
5.515614
5.2952275
5.1892915
5.2307215
5.0316496
5.153514
5.0453534
5.117676
5.1995873
5.379096
5.118771
5.4468007
5.4380126
5.534297
5.6028547
5.56453
5.4822936
5.454141
5.048407
5.0437813
4.8939414
4.716096
4.961135
5.049262
5.0344057
5.285761
5.3482995
5.46358
5.193572
5.7922764
5.425671
5.951266
5.568721
6.0034895
5.9105797
5.7341666
5.366662
5.1761713
5.053438
5.222771
5.4117117
5.403963
5.541984
5.7386465
5.957068
6.0857654
6.1729684
6.1720104
6.076446
6.0940237
6.17029
6.090895
6.2359867
6.4109473
6.331428
6.153208
6.192901
6.1346235
6.2973623
6.3376856
6.4762993
6.534807
6.5010962
6.4472795
6.400141
6.3454127
6.351094
6.3960495
6.3555317
6.348218
6.3652105
6.2785673
6.112418
6.09912
5.9797077
6.088354
6.1612964
6.3144336
6.4362655
6.4468055
6.539595
6.570731
6.5859146
6.6781425
6.5777416
6.6751623
6.57362
6.6174088
6.524906
6.5329022
6.3755937
6.2719765
6.147844
6.4049973
6.436967
6.6714478
6.628922
6.6628075
6.5496607
6.479989
6.3667216
6.527002
6.5437775
6.6442056
6.4733043
6.471128
6.421399
6.297926
6.165532
5.848203
5.953915
6.024277
6.2355356
6.257887
6.267304
6.370327
6.2708263
6.3498497
6.211153
6.4033933
6.266913
6.3536983
6.3288302
6.3856077
6.2590632
6.1774745
6.114469
6.017117
6.20347
6.3136
6.394598
6.5019264
6.599227
6.706773
6.9509945
6.896573
6.8304543
6.6269813
6.523962
6.724758
6.6753097
6.618808
6.5402846
6.3468785
6.2187524
6.229302
6.116296
6.0829415
6.094537
6.3577356
6.4562125
6.5447497
6.5234547
6.570955
6.5149603
6.6928716
6.5967717
6.71515
6.794304
6.655804
6.616467
6.5499363
6.561853
6.6043487
6.7634616
6.7612433
6.7977343
6.8828535
6.970149
6.9835835
6.9976916
6.95605
6.9013305
6.8469605
6.7336965
6.64548
6.6722417
6.6284347
6.7398305
6.6545706
6.3572755
6.0734353
5.8954816
5.9417095
6.1074615
6.2601147
6.3169417
6.5174255
6.570374
6.704207
6.6424837
6.7023044
6.6260962
6.495611
6.1791553
6.403663
6.0518856
6.053136
6.1781573
6.224841
6.2461724
6.317516
6.2187314
6.391919
6.4034176
6.3074636
6.4372807
6.783354
6.8056593
6.765567
6.855023
6.7849936
6.7556767
6.8294687
6.7418547
6.800317
6.6158853
6.578268
6.452326
6.462548
6.6034584
6.9158874
6.885742
7.2421823
7.0189056
6.6891947
6.3505707
6.3111463
6.3164935
6.088328
6.2608337
6.3801813
6.0762568
5.8780603
6.134592
6.267958
6.4961805
6.6745853
6.7137275
6.781093
6.827818
6.814094
6.8544745
7.0736933
6.9039817
6.90061
6.863649
6.854241
6.527239
6.022799
5.967024
5.9043717
5.796167
5.9074507
5.5762634
5.5409737
5.8006387
6.0383663
6.2614303
6.612533
6.748083
6.599514
6.3433723
6.6389074
6.712626
6.846784
6.909754
7.0189586
6.902261
6.8304286
6.85767
6.736504
6.88129
7.0917697
7.4440136
7.430013
7.202865
7.3298845
7.3236456
7.419828
7.4440527
7.5244417
7.5435686
7.5440793
7.341219
7.3357935
7.2321215
7.07703
7.15724
7.2553043
7.1077895
6.9958954
6.8705025
6.8887405
6.9159117
6.9240937
6.836678
6.76662
7.0093184
6.877857
6.579871
6.6195536
6.5168476
6.635368
6.3394966
6.3628397
6.3553576
6.279143
6.109663
6.1808414
5.972647
5.742693
5.8506813
5.485888
5.6830654
5.762319
5.663371
5.7134676
5.834377
6.068997
6.0098667
6.0986853
6.320446
6.298404
6.1174617
6.076854
6.1179547
6.1330976
5.857448
5.77625
5.5055704
5.622978
5.5666294
5.6909995
5.8374496
5.9026017
6.106955
6.2847342
6.3166904
6.417045
6.5529985
6.447687
6.4697833
6.47049
6.6255794
6.750993
6.93836
7.0397034
7.07412
7.0941854
7.1267757
7.06523
7.0356193
7.098749
7.199246
7.210206
7.334792
7.211326
7.249441
7.2554355
7.184873
6.9543543
7.122206
7.1185207
7.0510526
7.219378
7.018371
6.858626
6.948944
6.886048
7.157542
7.0599003
7.0354037
6.736325
6.7419252
6.9916306
7.0261073
6.7739215
6.6895347
6.8325524
6.736323
7.0623045
7.111991
7.477839
7.453449
7.205428
6.837155
6.8047533
6.7800674
6.9232497
7.0849595
7.0876737
6.941643
6.9450297
7.0340776
6.9580817
6.9011574
6.9437356
6.740404
6.701133
7.0005994
6.8882213
7.0262523
7.2751436
7.2256327
7.1386924
7.2053094
7.1119685
7.000578
6.831325
6.8096094
6.7935805
6.78348
6.681798
6.4004273
6.387372
6.560936
6.75253
6.917465
7.379492
7.3997855
7.1064925
6.656255
6.786885
6.8663573
7.0552607
6.9686947
7.0303507
6.998228
6.755191
6.6075706
6.3453126
6.612851
6.155139
6.1205087
6.108387
6.192274
6.3079596
6.0928445
6.697813
6.4766665
6.5211887
6.2882624
6.558116
6.3575754
6.226966
6.191854
6.307185
6.383717
6.177466
6.157577
5.8247137
6.191318
6.4236584
6.510389
7.146465
6.9066978
7.0606494
6.6333265
6.675939
6.608231
6.964712
6.837403
6.8931956
6.8949833
6.9953694
6.6510944
6.538891
6.549167
6.7536035
6.4040923
6.553665
6.7300835
6.845085
6.7604976
6.9694834
6.678876
6.6304216
6.4495344
6.301467
6.201731
6.0901327
6.356248
6.4199367
6.505523
6.217574
5.79772
5.872279
6.1174417
6.200515
6.4791336
6.5715923
6.7799892
6.5731173
6.280408
6.432974
6.6053753
6.687238
6.5900264
6.721431
6.710066
6.6186557
6.4351425
6.2367005
6.263717
6.021359
6.2423673
6.067669
6.1952257
6.373043
6.2929444
6.738319
6.4265604
6.4079046
6.372406
6.027886
6.2725415
6.2758164
6.186141
6.122513
6.16906
5.9362593
5.8568597
5.7991734
5.9927487
6.240682
6.1057405
6.4619865
6.5502977
6.1584477
6.3663464
6.362903
6.538643
6.4633064
6.2736583
6.521097
6.4507236
6.652687
6.343537
6.2477126
6.086979
6.013322
6.037428
5.934307
6.097759
5.904241
6.121477
6.133302
6.4361563
6.598948
6.3149896
6.5188727
6.2507305
6.123802
6.190627
6.3570056
6.2985334
6.208954
5.8623304
5.557828
5.5619216
5.499069
5.7271276
5.541107
6.140906
6.2041354
6.239582
6.2079296
6.6467037
6.552419
6.42579
6.585862
6.3858547
6.285931
6.444483
6.213279
6.0930347
6.0656376
6.1650925
6.1894603
6.2880754
6.396325
6.3989563
6.3058853
6.497353
6.213519
6.114661
6.0595565
6.1883636
6.317792
6.1951
6.369571
6.2071424
6.375693
6.270826
6.1639147
5.94328
5.963421
5.8121853
6.099474
6.354838
6.580826
6.3379426
6.1863174
6.715643
6.6581426
6.696166
6.710323
6.666607
6.82702
6.6459374
6.60338
6.52581
6.1719084
6.4847975
6.5323415
6.3937573
6.7033644
6.9233212
6.6083884
7.0091243
6.813192
6.723777
6.3640494
6.700808
6.5526104
6.621112
6.635071
6.527358
6.5522146
6.238321
6.1406527
5.9455786
5.7754283
5.8459387
5.848033
5.751495
6.5469847
6.530972
6.143354
5.969975
6.4538026
6.573038
6.721645
6.5866528
6.5921702
6.5915785
6.570514
6.596949
6.4041266
6.3730493
6.487458
6.7003922
6.727804
6.7595673
6.44942
6.915426
6.7329826
6.670319
6.705641
6.678175
6.4995227
6.541643
6.5214567
6.6910934
6.275753
6.4986825
6.261622
6.0453873
5.88274
5.894305
5.9796667
5.7760677
6.2443457
6.4159174
6.3548717
6.143575
